33225446
33198671
33189127
33156108
33135146
33124049
33123857
33069083
33060017
33036568
33028218
33020209
33010250
33225446
33198671
33189127
33156108
33135146
33124049
33123857
33069083
33060017
33036568
33028218
33020209
33010250
33225446
33198671
33189127
33156108
33135146
33124049
33123857
33069083
33060017
33036568
33028218
33020209
33010250
33225446
33198671
33189127
33156108
33135146
33124049
33123857
33069083
33060017
33036568
33028218
33020209
33010250
33225446
33198671
33189127
33156108
33135146
33124049
33123857
33069083
33060017
33036568
33028218
33020209
33010250
