33245985
33244738
33238156
33234781
33231769
33229456
33228589
33225890
33221151
33220130
33218300
33216264
33214485
33214420
33214083
33214082
33212097
33210965
<<<<<<< HEAD
33207093
33201123
33201121
33201120
33201115
33199632
33199137
33198661
33191144
33189965
33189181
33189127
33188144
33184007
33177357
33177340
33176750
33174146
33168600
33168404
33165376
33159698
33158979
33156465
33156103
33156066
33151547
33149003
33148667
33148628
33148205
33145705
33142117
33141373
33139537
33139271
33139201
33138648
33136337
33135144
33132046
33129375
33128511
33128119
33127761
33123857
33122531
33122530
33122528
33122527
33122526
33122525
33122524
33122523
33122522
33122521
33122518
33122516
33122513
33122440
33121946
33121847
33109735
33109470
33108683
33105193
33104890
33099544
33098625
33097661
33097588
33097431
33097430
33097020
33093857
33093149
33089395
33087490
33087489
33087331
33087057
33086324
33086318
33086310
33084990
33082211
33082106
33079429
33079303
33077384
33077383
33077382
33077381
33074907
33074899
33074853
33073341
33069583
33069582
33069084
33065644
33065029
33060404
33060017
33058868
33058558
33057860
33055587
33051739
33051307
33051146
33049206
33046515
33046391
33044629
33042353
33042329
33041332
33039466
33039293
33039292
33037322
33036921
33032924
33032923
33031736
33028669
33028668
33028596
33023478
33011748
33009500
33009055
33008749
33008376
33008332
33008295
33007300
33005981
33004046
33004032
33003087
33003086
33003085
33001242
33000372
32998722
32993498
32991341
=======
33210922
33210816
33210608
33210516
33210326
33209676
33209501
33209114
33208887
33208615
33208571
33208173
33207886
33207736
33207417
33207245
33207244
33206261
33206240
33206155
33205607
33205307
33205075
33203968
33203696
33203192
33203118
33203081
33201261
33201132
33201121
33201115
33201099
33199538
33199419
33199137
33199044
33198841
33198821
33198661
33198201
33197941
33197764
33197561
33197511
33196624
33195684
33195638
33195293
33194944
33194618
33194312
33193872
33193730
33192557
33192204
33191832
33191230
33191144
33190924
33190466
33190104
33189949
33188464
33188387
33187969
33187465
33187118
33186993
33185992
33185894
33185741
33185456
33184733
33184472
33184223
33184007
33183313
33183172
33182515
33182511
33182335
33182285
33180184
33180034
33179625
33179623
33179622
33179350
33179349
33179336
33178497
33178216
33178018
33177926
33177799
33177356
33177340
33176640
33227805
33227614
33227292
33225930
33225596
33225344
33225228
33224872
33224837
33224658
33224618
33222262
33222222
33221939
33221568
33221160
33220811
33220693
33220657
33220032
33219471
33219157
33219098
33218300
33217980
33217853
33217652
33217110
33216462
33215901
33215738
33214485
33214339
33214083
33213278
33213250
33212526
33212523
33212097
33211878
33211278
33211277
33210965
33210922
33210816
33210608
33210516
33210326
33209676
33209501
33209114
33208887
33208615
33208571
33208173
33207886
33207736
33207417
33207245
33207244
33206261
33206240
33206155
33205607
33205307
33205075
33203968
33203696
33203192
33203118
33203081
33201261
33201132
33201121
33201115
33201099
33199538
33199419
33199137
33199044
33198841
33198821
33198661
33198201
33197941
33197764
33197561
33197511
33196624
33195684
33195638
33195293
33194944
33194618
33194312
33193872
33193730
33192557
33192204
33191832
33191230
33191144
33190924
33190466
33190104
33189949
33188464
33188387
33187969
33187465
33187118
33186993
33185992
33185894
33185741
33185456
33184733
33184472
33184223
33184007
33183313
33183172
33182515
33182511
33182335
33182285
33232923
33232542
33232302
33231513
33231337
33231011
33230973
33230864
33230686
33230218
33230082
33230075
33229485
33229051
33228173
33227805
33227614
33227292
33225930
33225596
33225344
33225228
33224872
33224837
33224658
33224618
33222262
33222222
33221939
33221568
33221160
33220811
33220693
33220657
33220032
33219471
33219157
33219098
33218300
33217980
33217853
33217652
33217110
33216462
33215901
33215738
33214485
33214339
33214083
33213278
33213250
33212526
33212523
33212097
33211878
33211278
33211277
33210965
33210922
33210816
33210608
33210516
33210326
33209676
33209501
33209114
33208887
33208615
33208571
33208173
33207886
33207736
33207417
33207245
33207244
33206261
33206240
33206155
33205607
33205307
33205075
33203968
33203696
33203192
33203118
33203081
33201261
33201132
33201121
33201115
33201099
33199538
33199419
33199137
33199044
33198841
33198821
33198661
33198201
33197941
33197764
33197561
33197511
33196624
33195684
33195638
33195293
33194944
33194618
33194312
33193872
33193730
33192557
33192204
33191832
33191230
33191144
33190924
33190466
33190104
33189949
33188464
33188387
33187969
33187465
33187118
33237753
33237573
33237486
33237443
33236323
33236258
33236139
33235725
33235641
33235246
33234942
33234927
33234882
33234762
33234761
33234748
33234741
33234532
33233631
33233561
33232923
33232542
33232302
33231513
33231337
33231011
33230973
33230864
33230686
33230218
33230082
33230075
33229485
33229051
33228173
33227805
33227614
33227292
33225930
33225596
33225344
33225228
33224872
33224837
33224658
33224618
33222262
33222222
33221939
33221568
33221160
33220811
33220693
33220657
33220032
33219471
33219157
33219098
33218300
33217980
33217853
33217652
33217110
33216462
33215901
33215738
33214485
33214339
33214083
33213278
33213250
33212526
33212523
33212097
33211878
33211278
33211277
33210965
33210922
33210816
33210608
33210516
33210326
33209676
33209501
33209114
33208887
33208615
33208571
33208173
33207886
33207736
33207417
33207245
33207244
33206261
33206240
33206155
33205607
33205307
33205075
33203968
33203696
33203192
33203118
33203081
33202960
33201261
33201132
33201121
33201115
33201099
33199538
33199419
33199137
33199044
33198841
33198821
33198661
33198201
33197941
33197764
33197561
33197511
33196624
33195684
33195638
33195293
33194944
33194618
33194312
33193872
33193730
33192557
33192204
33191832
33191230
33191144
33190924
33190466
33190104
33189949
33242620
33242383
33241176
33239879
33239848
33239104
33238487
33237753
33237573
33237486
33237443
33236323
33236258
33236139
33235725
33235641
33235246
33234942
33234927
33234882
33234762
33234761
33234748
33234741
33234532
33233631
33233561
33232923
33232542
33232302
33231513
33231337
33231011
33230973
33230864
33230686
33230218
33230082
33230075
33229485
33229051
33228173
33227805
33227614
33227292
33225930
33225596
33225344
33225228
33224872
33224837
33224658
33224618
33222262
33222222
33221939
33221568
33221160
33220811
33220693
33220657
33220032
33219471
33219157
33219098
33218300
33217980
33217853
33217652
33217110
33216462
33215901
33215738
33214485
33214339
33214083
33213278
33213250
33212526
33212523
33212097
33211878
33211278
33211277
33210965
33210922
33210816
33210608
33210516
33210326
33209676
33209501
33209114
33208887
33208615
33208571
33208173
33207886
33207736
33207417
33207245
33207244
33206261
33206240
33206155
33205607
33205307
33205075
33203968
33203696
33203192
33203118
33203081
33202960
33201261
33201132
33201121
33201115
33201099
33199538
33199419
33199137
33199044
33198841
33198821
33198661
33198201
33197941
33197764
33197561
33197511
33196624
33195684
33195638
33195293
33194944
33194618
33194312
33193872
33193730
33192557
33192204
33191832
33191230
33191144
33190924
33190466
>>>>>>> d6fb1c80edbd1c997131561b6a0cb4971b3d44ad
